Depth (mm)	Width (mm)	Flange thickness (mm)	Web thickness (mm)	Insulation thickness (mm)	Insulation conductivity (W/mm*K)
254	102	6.8	5.8	155	0.2
254	102	6.8	5.8	15.5	0.02
254	102	6.8	5.8	47.7	0.2
254	102	6.8	5.8	4.8	0.02
254	102	8.4	6.1	142.1	0.2
254	102	8.4	6.1	14.2	0.02
254	102	8.4	6.1	43.8	0.2
254	102	8.4	6.1	4.4	0.02
254	102	10	6.4	129.1	0.2
254	102	10	6.4	12.9	0.02
254	102	10	6.4	40	0.2
254	102	10	6.4	4	0.02
254	146	8.6	6.1	140.4	0.2
254	146	8.6	6.1	14	0.02
254	146	8.6	6.1	43.4	0.2
254	146	8.6	6.1	4.3	0.02
254	146	10.9	6.4	121.8	0.2
254	146	10.9	6.4	12.2	0.02
254	146	10.9	6.4	37.8	0.2
254	146	10.9	6.4	3.8	0.02
254	146	12.7	7.3	107.2	0.2
254	146	12.7	7.3	10.7	0.02
254	146	12.7	7.3	33.5	0.2
254	146	12.7	7.3	3.4	0.02
305	102	6.8	5.8	155	0.2
305	102	6.8	5.8	15.5	0.02
305	102	6.8	5.8	47.7	0.2
305	102	6.8	5.8	4.8	0.02
305	102	8.9	6.1	138	0.2
305	102	8.9	6.1	13.8	0.02
305	102	8.9	6.1	42.6	0.2
305	102	8.9	6.1	4.3	0.02
305	102	10.8	6.6	122.6	0.2
305	102	10.8	6.6	12.3	0.02
305	102	10.8	6.6	38.1	0.2
305	102	10.8	6.6	3.8	0.02
305	127	10.7	7.2	123.4	0.2
305	127	10.7	7.2	12.3	0.02
305	127	10.7	7.2	38.3	0.2
305	127	10.7	7.2	3.8	0.02
305	127	12.1	8	112.1	0.2
305	127	12.1	8	11.2	0.02
305	127	12.1	8	35	0.2
305	127	12.1	8	3.5	0.02
305	127	14	8.9	96.7	0.2
305	127	14	8.9	9.7	0.02
305	127	14	8.9	30.4	0.2
305	127	14	8.9	3	0.02
305	165	10.2	6.1	127.5	0.2
305	165	10.2	6.1	12.7	0.02
305	165	10.2	6.1	39.5	0.2
305	165	10.2	6.1	4	0.02
305	165	11.8	6.7	114.5	0.2
305	165	11.8	6.7	11.5	0.02
305	165	11.8	6.7	35.7	0.2
305	165	11.8	6.7	3.6	0.02
305	165	13.7	7.7	99.1	0.2
305	165	13.7	7.7	9.9	0.02
305	165	13.7	7.7	31.1	0.2
305	165	13.7	7.7	3.1	0.02
356	127	8.5	5.9	141.2	0.2
356	127	8.5	5.9	14.1	0.02
356	127	8.5	5.9	43.6	0.2
356	127	8.5	5.9	4.4	0.02
356	127	10.7	6.5	123.4	0.2
356	127	10.7	6.5	12.3	0.02
356	127	10.7	6.5	38.3	0.2
356	127	10.7	6.5	3.8	0.02
356	171	9.7	6.9	131.5	0.2
356	171	9.7	6.9	13.2	0.02
356	171	9.7	6.9	40.7	0.2
356	171	9.7	6.9	4.1	0.02
356	171	11.5	7.3	117	0.2
356	171	11.5	7.3	11.7	0.02
356	171	11.5	7.3	36.4	0.2
356	171	11.5	7.3	3.6	0.02
356	171	13	8	104.8	0.2
356	171	13	8	10.5	0.02
356	171	13	8	32.8	0.2
356	171	13	8	3.3	0.02
356	171	15.7	9.1	82.9	0.2
356	171	15.7	9.1	8.3	0.02
356	171	15.7	9.1	26.3	0.2
356	171	15.7	9.1	2.6	0.02
406	140	8.6	6.3	140.4	0.2
406	140	8.6	6.3	14	0.02
406	140	8.6	6.3	43.4	0.2
406	140	8.6	6.3	4.3	0.02
406	140	11.2	6.9	119.4	0.2
406	140	11.2	6.9	11.9	0.02
406	140	11.2	6.9	37.1	0.2
406	140	11.2	6.9	3.7	0.02
406	178	10.9	7.6	121.8	0.2
406	178	10.9	7.6	12.2	0.02
406	178	10.9	7.6	37.8	0.2
406	178	10.9	7.6	3.8	0.02
406	178	12.8	7.8	106.4	0.2
406	178	12.8	7.8	10.6	0.02
406	178	12.8	7.8	33.3	0.2
406	178	12.8	7.8	3.3	0.02
406	178	14.3	8.8	94.3	0.2
406	178	14.3	8.8	9.4	0.02
406	178	14.3	8.8	29.7	0.2
406	178	14.3	8.8	3	0.02
406	178	16	9.7	80.5	0.2
406	178	16	9.7	8.1	0.02
406	178	16	9.7	25.6	0.2
406	178	16	9.7	2.6	0.02
457	152	10.9	7.6	121.8	0.2
457	152	10.9	7.6	12.2	0.02
457	152	10.9	7.6	37.8	0.2
457	152	10.9	7.6	3.8	0.02
457	152	13.3	8	102.4	0.2
457	152	13.3	8	10.2	0.02
457	152	13.3	8	32.1	0.2
457	152	13.3	8	3.2	0.02
457	152	15	9.1	88.6	0.2
457	152	15	9.1	8.9	0.02
457	152	15	9.1	28	0.2
457	152	15	9.1	2.8	0.02
457	152	17	9.9	72.4	0.2
457	152	17	9.9	7.2	0.02
457	152	17	9.9	23.2	0.2
457	152	17	9.9	2.3	0.02
457	152	18.9	10.7	57	0.2
457	152	18.9	10.7	5.7	0.02
457	152	18.9	10.7	18.6	0.2
457	152	18.9	10.7	1.9	0.02
457	191	12.7	8.5	107.2	0.2
457	191	12.7	8.5	10.7	0.02
457	191	12.7	8.5	33.5	0.2
457	191	12.7	8.5	3.4	0.02
457	191	14.5	9.1	92.7	0.2
457	191	14.5	9.1	9.3	0.02
457	191	14.5	9.1	29.2	0.2
457	191	14.5	9.1	2.9	0.02
457	191	16	9.9	80.5	0.2
457	191	16	9.9	8.1	0.02
457	191	16	9.9	25.6	0.2
457	191	16	9.9	2.6	0.02
457	191	17.7	10.6	66.7	0.2
457	191	17.7	10.6	6.7	0.02
457	191	17.7	10.6	21.5	0.2
457	191	17.7	10.6	2.2	0.02
457	191	19.6	11.4	51.3	0.2
457	191	19.6	11.4	5.1	0.02
457	191	19.6	11.4	17	0.2
457	191	19.6	11.4	1.7	0.02
433	210	13.2	9.6	103.2	0.2
433	210	13.2	9.6	10.3	0.02
433	210	13.2	9.6	32.3	0.2
433	210	13.2	9.6	3.2	0.02
433	210	15.6	10.2	83.7	0.2
433	210	15.6	10.2	8.4	0.02
433	210	15.6	10.2	26.6	0.2
433	210	15.6	10.2	2.7	0.02
433	210	17.4	10.9	69.2	0.2
433	210	17.4	10.9	6.9	0.02
433	210	17.4	10.9	22.2	0.2
433	210	17.4	10.9	2.2	0.02
433	210	18.8	11.6	57.8	0.2
433	210	18.8	11.6	5.8	0.02
433	210	18.8	11.6	18.9	0.2
433	210	18.8	11.6	1.9	0.02
433	210	21.3	12.8	47.9	0.2
433	210	21.3	12.8	4.8	0.02
433	210	21.3	12.8	15.6	0.2
433	210	21.3	12.8	1.6	0.02
610	229	14.8	10.6	90.2	0.2
610	229	14.8	10.6	9	0.02
610	229	14.8	10.6	28.5	0.2
610	229	14.8	10.6	2.8	0.02
610	229	17.3	11.2	70	0.2
610	229	17.3	11.2	7	0.02
610	229	17.3	11.2	22.5	0.2
610	229	17.3	11.2	2.2	0.02
610	229	19.6	11.9	51.3	0.2
610	229	19.6	11.9	5.1	0.02
610	229	19.6	11.9	17	0.2
610	229	19.6	11.9	1.7	0.02
610	229	22.1	13.1	47.3	0.2
610	229	22.1	13.1	4.7	0.02
610	229	22.1	13.1	15.4	0.2
610	229	22.1	13.1	1.5	0.02
610	305	19.7	11.9	50.5	0.2
610	305	19.7	11.9	5.1	0.02
610	305	19.7	11.9	16.7	0.2
610	305	19.7	11.9	1.7	0.02
610	305	23.6	14.1	46	0.2
610	305	23.6	14.1	4.6	0.02
610	305	23.6	14.1	14.9	0.2
610	305	23.6	14.1	1.5	0.02
610	305	31.4	18.6	39.6	0.2
610	305	31.4	18.6	4	0.02
610	305	31.4	18.6	12.6	0.2
610	305	31.4	18.6	1.3	0.02
686	254	16.2	11.7	78.9	0.2
686	254	16.2	11.7	7.9	0.02
686	254	16.2	11.7	25.1	0.2
686	254	16.2	11.7	2.5	0.02
686	254	19	12.4	56.2	0.2
686	254	19	12.4	5.6	0.02
686	254	19	12.4	18.4	0.2
686	254	19	12.4	1.8	0.02
686	254	21	13.2	48.2	0.2
686	254	21	13.2	4.8	0.02
686	254	21	13.2	15.7	0.2
686	254	21	13.2	1.6	0.02
686	254	23.7	14.5	45.9	0.2
686	254	23.7	14.5	4.6	0.02
686	254	23.7	14.5	14.9	0.2
686	254	23.7	14.5	1.5	0.02
762	267	17.5	12.9	68.4	0.2
762	267	17.5	12.9	6.8	0.02
762	267	17.5	12.9	22	0.2
762	267	17.5	12.9	2.2	0.02
762	267	21.6	14.3	47.7	0.2
762	267	21.6	14.3	4.8	0.02
762	267	21.6	14.3	15.5	0.2
762	267	21.6	14.3	1.6	0.02
762	267	25.4	15.6	44.5	0.2
762	267	25.4	15.6	4.5	0.02
762	267	25.4	15.6	14.4	0.2
762	267	25.4	15.6	1.4	0.02
838	292	18.8	14	57.8	0.2
838	292	18.8	14	5.8	0.02
838	292	18.8	14	18.9	0.2
838	292	18.8	14	1.9	0.02
914	305	20.2	15.2	48.8	0.2
914	305	20.2	15.2	4.9	0.02
914	305	20.2	15.2	15.9	0.2
914	305	20.2	15.2	1.6	0.02
914	419	32	19.4	39.1	0.2
914	419	32	19.4	3.9	0.02
914	419	32	19.4	12.4	0.2
914	419	32	19.4	1.2	0.02
914	419	36.6	21.5	35.3	0.2
914	419	36.6	21.5	3.5	0.02
914	419	36.6	21.5	11	0.2
914	419	36.6	21.5	1.1	0.02
240	120	9.8	6.2	130.7	0.2
240	120	9.8	6.2	13.1	0.02
240	120	9.8	6.2	40.5	0.2
240	120	9.8	6.2	4	0.02
270	135	10.2	6.6	127.5	0.2
270	135	10.2	6.6	12.7	0.02
270	135	10.2	6.6	39.5	0.2
270	135	10.2	6.6	4	0.02
300	150	10.7	7.1	123.4	0.2
300	150	10.7	7.1	12.3	0.02
300	150	10.7	7.1	38.3	0.2
300	150	10.7	7.1	3.8	0.02
330	160	11.5	7.5	117	0.2
330	160	11.5	7.5	11.7	0.02
330	160	11.5	7.5	36.4	0.2
330	160	11.5	7.5	3.6	0.02
360	170	12.7	8	107.2	0.2
360	170	12.7	8	10.7	0.02
360	170	12.7	8	33.5	0.2
360	170	12.7	8	3.4	0.02
400	180	13.5	8.6	100.8	0.2
400	180	13.5	8.6	10.1	0.02
400	180	13.5	8.6	31.6	0.2
400	180	13.5	8.6	3.2	0.02
450	190	14.6	9.4	91.8	0.2
450	190	14.6	9.4	9.2	0.02
450	190	14.6	9.4	29	0.2
450	190	14.6	9.4	2.9	0.02
500	200	16	10.2	80.5	0.2
500	200	16	10.2	8.1	0.02
500	200	16	10.2	25.6	0.2
500	200	16	10.2	2.6	0.02
550	210	17.2	11.1	70.8	0.2
550	210	17.2	11.1	7.1	0.02
550	210	17.2	11.1	22.7	0.2
550	210	17.2	11.1	2.3	0.02
600	220	19	12	56.2	0.2
600	220	19	12	5.6	0.02
600	220	19	12	18.4	0.2
600	220	19	12	1.8	0.02
750	134	15.5	12	84.6	0.2
750	134	15.5	12	8.5	0.02
750	134	15.5	12	26.8	0.2
750	134	15.5	12	2.7	0.02
750	147	17	13.2	72.4	0.2
750	147	17	13.2	7.2	0.02
750	147	17	13.2	23.2	0.2
750	147	17	13.2	2.3	0.02
750	173	21.6	14.4	47.7	0.2
750	173	21.6	14.4	4.8	0.02
750	173	21.6	14.4	15.5	0.2
750	173	21.6	14.4	1.6	0.02
750	196	25.4	15.6	44.5	0.2
750	196	25.4	15.6	4.5	0.02
750	196	25.4	15.6	14.4	0.2
750	196	25.4	15.6	1.4	0.02
800	400	30	10	40.8	0.2
800	400	30	10	4.1	0.02
800	400	30	10	13	0.2
800	400	30	10	1.3	0.02
800	300	20	8	49	0.2
800	300	20	8	4.9	0.02
800	300	20	8	16	0.2
800	300	20	8	1.6	0.02
800	400	25	10	44.9	0.2
800	400	25	10	4.5	0.02
800	400	25	10	14.5	0.2
800	400	25	10	1.4	0.02
1200	300	25	12	44.9	0.2
1200	300	25	12	4.5	0.02
1200	300	25	12	14.5	0.2
1200	300	25	12	1.4	0.02
1200	400	30	12	40.8	0.2
1200	400	30	12	4.1	0.02
1200	400	30	12	13	0.2
1200	400	30	12	1.3	0.02
1200	400	25	12	44.9	0.2
1200	400	25	12	4.5	0.02
1200	400	25	12	14.5	0.2
1200	400	25	12	1.4	0.02
1200	500	30	12	40.8	0.2
1200	500	30	12	4.1	0.02
1200	500	30	12	13	0.2
1200	500	30	12	1.3	0.02
1200	500	35	12	36.6	0.2
1200	500	35	12	3.7	0.02
1200	500	35	12	11.5	0.2
1200	500	35	12	1.2	0.02
1500	300	25	15	44.9	0.2
1500	300	25	15	4.5	0.02
1500	300	25	15	14.5	0.2
1500	300	25	15	1.4	0.02
1500	600	35	30	36.6	0.2
1500	600	35	30	3.7	0.02
1500	600	35	30	11.5	0.2
1500	600	35	30	1.2	0.02
1500	600	35	15	36.6	0.2
1500	600	35	15	3.7	0.02
1500	600	35	15	11.5	0.2
1500	600	35	15	1.2	0.02
1500	500	30	20	40.8	0.2
1500	500	30	20	4.1	0.02
1500	500	30	20	13	0.2
1500	500	30	20	1.3	0.02
1200	600	40	12	32.5	0.2
1200	600	40	12	3.2	0.02
1200	600	40	12	10	0.2
1200	600	40	12	1	0.02
1500	400	30	15	40.8	0.2
1500	400	30	15	4.1	0.02
1500	400	30	15	13	0.2
1500	400	30	15	1.3	0.02
1000	600	35	10	36.6	0.2
1000	600	35	10	3.7	0.02
1000	600	35	10	11.5	0.2
1000	600	35	10	1.2	0.02
1000	400	30	10	40.8	0.2
1000	400	30	10	4.1	0.02
1000	400	30	10	13	0.2
1000	400	30	10	1.3	0.02
